# Harness-executed: pytest-benchmark
# returncode: 0
# agent_score: 100.0 | threshold: 75.0

..ssssssssssssssssssssssssssssssssssssssssssssssssssssssssssssssssssssss [ 30%]
ssssssssssssssssssssssssssssssssssssssssssssssssssssssssssssssssssssssss [ 61%]
ssssssssssssssssssssssssssssssssssssssssssssssssssssssssssssssssssssssss [ 92%]
sssssssssssssssss                                                        [100%]
=============================== warnings summary ===============================
.venv/lib/python3.11/site-packages/_hypothesis_pytestplugin.py:487
  /Users/johnny/projects/taskq-final/.venv/lib/python3.11/site-packages/_hypothesis_pytestplugin.py:487: UserWarning: Skipping collection of '.hypothesis' directory - this usually means you've explicitly set the `norecursedirs` pytest config option, replacing rather than extending the default ignores.
    warnings.warn(

.venv/lib/python3.11/site-packages/starlette/formparsers.py:12
  /Users/johnny/projects/taskq-final/.venv/lib/python3.11/site-packages/starlette/formparsers.py:12: PendingDeprecationWarning: Please use `import python_multipart` instead.
    import multipart

-- Docs: https://docs.pytest.org/en/stable/how-to/capture-warnings.html

-------------------------- benchmark: 2 tests -------------------------
Name (time in us)                    Mean                 Max          
-----------------------------------------------------------------------
test_bench_task_repo_get         219.5622 (1.0)      358.2910 (1.0)    
test_bench_task_repo_list_50     861.6610 (3.92)     947.3340 (2.64)   
-----------------------------------------------------------------------

Legend:
  Outliers: 1 Standard Deviation from Mean; 1.5 IQR (InterQuartile Range) from 1st Quartile and 3rd Quartile.
  OPS: Operations Per Second, computed as 1 / Mean
2 passed, 231 skipped, 2 warnings in 2.39s

Wrote benchmark data in: <_io.BufferedWriter name='.sessi-work/benchmark_report.json'>
=== TOOL_OUTPUT_ARTIFACT ===
{
    "machine_info": {
        "node": "JohnnydeMac-Studio.local",
        "processor": "arm",
        "machine": "arm64",
        "python_compiler": "Clang 22.1.3 ",
        "python_implementation": "CPython",
        "python_implementation_version": "3.11.15",
        "python_version": "3.11.15",
        "python_build": [
            "main",
            "May 10 2026 19:23:07"
        ],
        "release": "25.6.0",
        "system": "Darwin",
        "cpu": {
            "python_version": "3.11.15.final.0 (64 bit)",
            "cpuinfo_version": [
                9,
                0,
                0
            ],
            "cpuinfo_version_string": "9.0.0",
            "arch": "ARM_8",
            "bits": 64,
            "count": 32,
            "arch_string_raw": "arm64",
            "brand_raw": "Apple M3 Ultra"
        }
    },
    "commit_info": {
        "id": "71755680876d4167c92ad6ace7c8ac9d4ef8f9f6",
        "time": "2026-09-03T14:29:26+08:00",
        "author_time": "2026-09-03T14:29:26+08:00",
        "dirty": true,
        "project": "taskq-final",
        "branch": "main"
    },
    "benchmarks": [
        {
            "group": null,
            "name": "test_bench_task_repo_get",
            "fullname": "tests/bench/test_bench_task_repo.py::test_bench_task_repo_get",
            "params": null,
            "param": null,
            "extra_info": {},
            "options": {
                "disable_gc": true,
                "timer": "perf_counter",
                "min_rounds": 5,
                "max_time": 1.0,
                "min_time": 5e-06,
                "warmup": false
            },
            "stats": {
                "min": 0.00021270800061756745,
                "max": 0.00035829099942930043,
                "mean": 0.00021956220663053345,
                "stddev": 9.723001350989646e-06,
                "rounds": 537,
                "median": 0.00021724999896832742,
                "iqr": 3.3127525966847315e-06,
                "q1": 0.00021607274811685784,
                "q3": 0.00021938550071354257,
                "iqr_outliers": 49,
                "stddev_outliers": 30,
                "outliers": "30;49",
                "ld15iqr": 0.00021270800061756745,
                "hd15iqr": 0.00022483300199382938,
                "ops": 4554.517898805517,
                "total": 0.11790490496059647,
                "data": [
                    0.00035829099942930043,
                    0.00027829199825646356,
                    0.00026708299992606044,
                    0.00024804199711070396,
                    0.0002394580005784519,
                    0.00023445800252375193,
                    0.0002826250020007137,
                    0.00024120799935190007,
                    0.0002517080029065255,
                    0.00022608300059800968,
                    0.0002251250007248018,
                    0.00022204200286068954,
                    0.00022316700051305816,
                    0.00022366700068232603,
                    0.00022120900030131452,
                    0.0002444579986331519,
                    0.00023662499734200537,
                    0.0002257089981867466,
                    0.00022291600180324167,
                    0.00021987500076647848,
                    0.0002208339974458795,
                    0.0002192920001107268,
                    0.00022491599884233437,
                    0.0002211659993918147,
                    0.00022041700140107423,
                    0.00022079200061853044,
                    0.00022612499742535874,
                    0.00022274999719229527,
                    0.00022133299717097543,
                    0.00022204199922271073,
                    0.00022237499797483906,
                    0.0002213750012742821,
                    0.0002241670008515939,
                    0.00022029200044926256,
                    0.00022229099704418331,
                    0.0002206249992013909,
                    0.0002262089983560145,
                    0.00022058299873606302,
                    0.0002186660021834541,
                    0.00021766600184491836,
                    0.0002201669994974509,
                    0.0002174580004066229,
                    0.00021616699814330786,
                    0.00022616700152866542,
                    0.00021837500025867485,
                    0.00021862499852431938,
                    0.00021854099759366363,
                    0.0002174580004066229,
                    0.00021700000070268288,
                    0.00021987500076647848,
                    0.00021820899928570725,
                    0.00021987500076647848,
                    0.00022216599973035045,
                    0.00022166599956108257,
                    0.0002193750005972106,
                    0.00022041700140107423,
                    0.00022058399918023497,
                    0.00021833299979334697,
                    0.0002181249983550515,
                    0.0002189169972552918,
                    0.00022083300063968636,
                    0.0002173749999201391,
                    0.00022249999892665073,
                    0.00022245799846132286,
                    0.00022008300220477395,
                    0.00021854099759366363,
                    0.00021808300152770244,
                    0.00021800000104121864,
                    0.00021912500233156607,
                    0.00021645900051225908,
                    0.00021779100279673003,
                    0.00021770799867226742,
                    0.0002177499991375953,
                    0.00021912500233156607,
                    0.0002186250021622982,
                    0.00021979200027999468,
                    0.00022483300199382938,
                    0.0002189999977417756,
                    0.0002181249983550515,
                    0.00021708299755118787,
                    0.00021704200116801076,
                    0.00021824999930686317,
                    0.00021691700021619909,
                    0.00023091700131772086,
                    0.00023004199829301797,
                    0.0002222499970230274,
                    0.00021616699814330786,
                    0.00021724999896832742,
                    0.00021675000243703835,
                    0.00022708300093654543,
                    0.0002450840001984034,
                    0.0002374579999013804,
                    0.00021958300203550607,
                    0.0002162079981644638,
                    0.00021654100055457093,
                    0.00021691700021619909,
                    0.00021787500008940697,
                    0.00022033300047041848,
                    0.00022220899700187147,
                    0.00021954199837637134,
                    0.0002193749969592318,
                    0.00022220800019567832,
                    0.0002192920001107268,
                    0.00021516700144275092,
                    0.0002158330025849864,
                    0.00021633299911627546,
                    0.00021712500165449455,
                    0.00021816700245835818,
                    0.0002162080018024426,
                    0.0002175839981646277,
                    0.00021666699831257574,
                    0.00021708299755118787,
                    0.00021612499767798,
                    0.00021466699763550423,
                    0.00022604200057685375,
                    0.0002179160001105629,
                    0.00021720799850299954,
                    0.0002163339995604474,
                    0.00021691700021619909,
                    0.0002197499998146668,
                    0.00021991699759382755,
                    0.00021999999808031134,
                    0.00021912499869358726,
                    0.00022312500004773028,
                    0.00021770799867226742,
                    0.00021770900275441818,
                    0.00022191700190887786,
                    0.0002168339997297153,
                    0.00021770800231024623,
                    0.00021845899755135179,
                    0.0002185829980589915,
                    0.0002594580000732094,
                    0.00022662500123260543,
                    0.00021845800074515864,
                    0.00021758299772045575,
                    0.00021850000121048652,
                    0.0002177500027755741,
                    0.00021870799901080318,
                    0.00021841700072400272,
                    0.00021804100106237456,
                    0.0002161250013159588,
                    0.00021929099966655485,
                    0.00021691599977202713,
                    0.00021420799748739228,
                    0.00021970800298731774,
                    0.0002162080018024426,
                    0.00021712499801651575,
                    0.00021591599943349138,
                    0.0002149579995602835,
                    0.0002153329987777397,
                    0.00021616599769913591,
                    0.00021612499767798,
                    0.00022179199731908739,
                    0.0002193749969592318,
                    0.0002144999998563435,
                    0.0002144999998563435,
                    0.00021500000002561137,
                    0.00021574999846052378,
                    0.00021637499958160333,
                    0.00022287500178208575,
                    0.00021824999930686317,
                    0.0002141660006600432,
                    0.00021454200032167137,
                    0.0002155839974875562,
                    0.000215584001125535,
                    0.00022316700051305816,
                    0.00025695799922687,
                    0.00022529199850396253,
                    0.00021537499924306758,
                    0.0002168749997508712,
                    0.00021420799748739228,
                    0.00021608299721265212,
                    0.0002164170000469312,
                    0.00021600000036414713,
                    0.00021583299894700758,
                    0.0002156249975087121,
                    0.00022116699983598664,
                    0.00021583299894700758,
                    0.00021904200184508227,
                    0.00021725000260630623,
                    0.00021550000019487925,
                    0.00021641599960275926,
                    0.00021550000019487925,
                    0.00021383299826993607,
                    0.0002162910022889264,
                    0.00021724999896832742,
                    0.00022004199854563922,
                    0.00022033300047041848,
                    0.0002189169972552918,
                    0.00021862499852431938,
                    0.00021770899911643937,
                    0.0002170410007238388,
                    0.0002164170000469312,
                    0.00021541699970839545,
                    0.00021712500165449455,
                    0.00021970899979351088,
                    0.00022141600129543804,
                    0.00021816599837620743,
                    0.00021708300118916668,
                    0.0002178329996240791,
                    0.00021816700245835818,
                    0.00021887500042794272,
                    0.0002173749999201391,
                    0.0002157909984816797,
                    0.00021558300068136305,
                    0.00021670799833373167,
                    0.00021625000226777047,
                    0.00021908399867243133,
                    0.00021858399850316346,
                    0.00021724999896832742,
                    0.00021708300118916668,
                    0.00021520800146390684,
                    0.00021579199892585166,
                    0.00021716699848184362,
                    0.0002172920030716341,
                    0.0002140420001524035,
                    0.00021587499941233546,
                    0.00021583299894700758,
                    0.00021825000294484198,
                    0.00021637499958160333,
                    0.000216958000237355,
                    0.00021895800091442652,
                    0.0002264580034534447,
                    0.00021837500025867485,
                    0.00021633299911627546,
                    0.00021600000036414713,
                    0.00021616700178128667,
                    0.0002361250008107163,
                    0.0002406249986961484,
                    0.00021904200184508227,
                    0.0002269159995194059,
                    0.0002496250017429702,
                    0.0002675830000953283,
                    0.0002444589990773238,
                    0.0002148749990737997,
                    0.0002226249998784624,
                    0.00022399999943445437,
                    0.00023062499894876964,
                    0.0002152920023945626,
                    0.00021654200099874288,
                    0.00021991700123180635,
                    0.00022149999858811498,
                    0.00023312499979510903,
                    0.0002173749999201391,
                    0.0002172090025851503,
                    0.00021637499958160333,
                    0.0002182079988415353,
                    0.0002170410007238388,
                    0.0002195839988416992,
                    0.00022354199973051436,
                    0.00021600000036414713,
                    0.00021662499784724787,
                    0.00021729100262746215,
                    0.00022366700068232603,
                    0.00021754200133727863,
                    0.0002161250013159588,
                    0.00021595799989881925,
                    0.0002176669986511115,
                    0.000216500000533415,
                    0.00021662499784724787,
                    0.00021566699797404,
                    0.00021662500148522668,
                    0.0002158330025849864,
                    0.00021991700123180635,
                    0.0002163339995604474,
                    0.00021766599820693955,
                    0.00021770800231024623,
                    0.0002208340010838583,
                    0.00021616600133711472,
                    0.00021600000036414713,
                    0.0002177499991375953,
                    0.00021637499958160333,
                    0.00021925000328337774,
                    0.00021895800091442652,
                    0.00021666699831257574,
                    0.00021558300068136305,
                    0.00021545900017372333,
                    0.00021554100021603517,
                    0.00021579100211965851,
                    0.00021412500063888729,
                    0.00021579199892585166,
                    0.00021474999812198803,
                    0.00021520799782592803,
                    0.00021366700093494728,
                    0.00021445800302899443,
                    0.000216958000237355,
                    0.00021637499958160333,
                    0.00021475000175996684,
                    0.00022012500267010182,
                    0.00021770799867226742,
                    0.00021954199837637134,
                    0.0002238750021206215,
                    0.0002157500020985026,
                    0.00021454200032167137,
                    0.0002172089989471715,
                    0.00021679099882021546,
                    0.0002146660008293111,
                    0.00021562500114669092,
                    0.0002152090019080788,
                    0.000216500000533415,
                    0.00021616699814330786,
                    0.00022079200061853044,
                    0.0002172919994336553,
                    0.00022312500004773028,
                    0.00022212499970919453,
                    0.0002168749997508712,
                    0.00021712500165449455,
                    0.00021654200099874288,
                    0.0002180420015065465,
                    0.0002168749997508712,
                    0.00021591599943349138,
                    0.0002224589989054948,
                    0.0002168749997508712,
                    0.00022229200112633407,
                    0.00021816700245835818,
                    0.00021554200066020712,
                    0.00021512500097742304,
                    0.0002168749997508712,
                    0.000248415999521967,
                    0.0002165830010198988,
                    0.00022183300097822212,
                    0.0002466670011926908,
                    0.00021725000260630623,
                    0.0002156670016120188,
                    0.0002173749999201391,
                    0.00021762500182376243,
                    0.0002173749999201391,
                    0.00021762499818578362,
                    0.0002174580004066229,
                    0.00021629099865094759,
                    0.0002190830018662382,
                    0.00021695900068152696,
                    0.00021674999879905954,
                    0.00021924999964539893,
                    0.00021712500165449455,
                    0.00021566600116784684,
                    0.00021612499767798,
                    0.00021558299704338424,
                    0.0002166659978684038,
                    0.00021616699814330786,
                    0.00021587500305031426,
                    0.00021570800163317472,
                    0.0002177499991375953,
                    0.00021670799833373167,
                    0.00021508300051209517,
                    0.00021666699831257574,
                    0.00021762499818578362,
                    0.00021583299894700758,
                    0.00022116699983598664,
                    0.0002152500019292347,
                    0.000216500000533415,
                    0.00021579199892585166,
                    0.0002295420017617289,
                    0.00021504200049093924,
                    0.00021741700038546696,
                    0.0002214580017607659,
                    0.000216500000533415,
                    0.00021887499678996392,
                    0.00021949999791104347,
                    0.00021545900017372333,
                    0.00021358300000429153,
                    0.00021683299928554334,
                    0.00021625000226777047,
                    0.0002149579995602835,
                    0.00021616600133711472,
                    0.00021529100195039064,
                    0.00021520799782592803,
                    0.00021416699746623635,
                    0.00021470799765666015,
                    0.00021337499856599607,
                    0.00021908299822825938,
                    0.00021725000260630623,
                    0.0002147919985873159,
                    0.00021658299738192,
                    0.00021645900051225908,
                    0.00022204100241651759,
                    0.0002163339995604474,
                    0.00021491700317710638,
                    0.000216042000829475,
                    0.0002180420015065465,
                    0.00022125000032247044,
                    0.00021270800061756745,
                    0.0002161250013159588,
                    0.00021579199892585166,
                    0.00021512499733944423,
                    0.0002153329987777397,
                    0.00021445899983518757,
                    0.0002234999992651865,
                    0.00021666700195055455,
                    0.00021691599977202713,
                    0.00021712499801651575,
                    0.00021454099987749942,
                    0.0002157909984816797,
                    0.00021941700106253847,
                    0.00023895900085335597,
                    0.00021554200066020712,
                    0.00021745799676864408,
                    0.00021816599837620743,
                    0.00021674999879905954,
                    0.00021745900085079484,
                    0.00021537499924306758,
                    0.00021550000019487925,
                    0.0002168339997297153,
                    0.000216500000533415,
                    0.00022050000188755803,
                    0.0002185420016758144,
                    0.00021883299996261485,
                    0.00021616699814330786,
                    0.00021637499958160333,
                    0.0002192920001107268,
                    0.0002164170000469312,
                    0.00021716599803767167,
                    0.00021624999862979166,
                    0.00021624999862979166,
                    0.00021616700178128667,
                    0.00021533399922191165,
                    0.00021375000142143108,
                    0.0002181249983550515,
                    0.00021529199875658378,
                    0.0002143340025213547,
                    0.0002153330024157185,
                    0.0002137080009561032,
                    0.00021787500008940697,
                    0.00021808300152770244,
                    0.00021808399833389558,
                    0.00021558299704338424,
                    0.00021754099725512788,
                    0.00021766599820693955,
                    0.0002168749997508712,
                    0.00021837500025867485,
                    0.00021741700038546696,
                    0.00021779199960292317,
                    0.00021741700038546696,
                    0.0002161250013159588,
                    0.00021733299945481122,
                    0.00021500000002561137,
                    0.00021699999706470408,
                    0.000216500000533415,
                    0.0002185829980589915,
                    0.00021625000226777047,
                    0.00021716599803767167,
                    0.0002173749999201391,
                    0.0002184590011893306,
                    0.00021579100211965851,
                    0.00021608400129480287,
                    0.00021550000019487925,
                    0.00021475000175996684,
                    0.00021608300085063092,
                    0.0002165830010198988,
                    0.00021608400129480287,
                    0.00022358299975167029,
                    0.00021729100262746215,
                    0.00021550000019487925,
                    0.00021633299911627546,
                    0.000216042000829475,
                    0.00021591699987766333,
                    0.00022162499953992665,
                    0.00021545799972955137,
                    0.000215584001125535,
                    0.0002177499991375953,
                    0.00021391699920059182,
                    0.00021420800112537108,
                    0.00021670800197171047,
                    0.00022004199854563922,
                    0.00022629099839832634,
                    0.00021679200290236622,
                    0.00021800000104121864,
                    0.00021700000070268288,
                    0.0002172919994336553,
                    0.00021579199892585166,
                    0.00022491600248031318,
                    0.0002292909994139336,
                    0.0002163339995604474,
                    0.0002147919985873159,
                    0.00021712499801651575,
                    0.0002179589973820839,
                    0.0002158330025849864,
                    0.00021574999846052378,
                    0.00021779099915875122,
                    0.00021637499958160333,
                    0.0002189579972764477,
                    0.00021600000036414713,
                    0.0002157079979951959,
                    0.00021791700055473484,
                    0.00021779200324090198,
                    0.0002149579995602835,
                    0.00021587499941233546,
                    0.00021595799989881925,
                    0.00021558300068136305,
                    0.00021437500254251063,
                    0.00021637499958160333,
                    0.00021612499767798,
                    0.00021479099814314395,
                    0.0002145830003428273,
                    0.00021387499873526394,
                    0.00021712499801651575,
                    0.0002182909993280191,
                    0.0002145830003428273,
                    0.00021587499941233546,
                    0.00021491599909495562,
                    0.00021679099882021546,
                    0.00022487499882117845,
                    0.00021679199926438741,
                    0.0002144999998563435,
                    0.00021587499941233546,
                    0.00021662499784724787,
                    0.0002168749997508712,
                    0.0002173749999201391,
                    0.00022087500110501423,
                    0.00021708400163333863,
                    0.00021529099831241183,
                    0.0002177499991375953,
                    0.0002173749999201391,
                    0.00021629199909511954,
                    0.0002163339995604474,
                    0.00021554199702222832,
                    0.00021595799989881925,
                    0.0002572920020611491,
                    0.00021562500114669092,
                    0.00021745900085079484,
                    0.00021637499958160333,
                    0.00021579100211965851,
                    0.00022562500089406967,
                    0.00021708300118916668,
                    0.00021604100038530305,
                    0.00021645800006808713,
                    0.00021600000036414713,
                    0.00021962499886285514,
                    0.00021816600201418623,
                    0.00021954199837637134,
                    0.00021779199960292317,
                    0.00022129099670564756,
                    0.00022491599884233437,
                    0.00021724999896832742,
                    0.0002168749997508712,
                    0.0002181249983550515,
                    0.00021662499784724787
                ],
                "iterations": 1
            }
        },
        {
            "group": null,
            "name": "test_bench_task_repo_list_50",
            "fullname": "tests/bench/test_bench_task_repo.py::test_bench_task_repo_list_50",
            "params": null,
            "param": null,
            "extra_info": {},
            "options": {
                "disable_gc": true,
                "timer": "perf_counter",
                "min_rounds": 5,
                "max_time": 1.0,
                "min_time": 5e-06,
                "warmup": false
            },
            "stats": {
                "min": 0.000851290998980403,
                "max": 0.0009473339996475261,
                "mean": 0.0008616610128052754,
                "stddev": 9.797864578714773e-06,
                "rounds": 620,
                "median": 0.0008589170010964153,
                "iqr": 6.083500920794904e-06,
                "q1": 0.0008564999989175703,
                "q3": 0.0008625834998383652,
                "iqr_outliers": 56,
                "stddev_outliers": 59,
                "outliers": "59;56",
                "ld15iqr": 0.000851290998980403,
                "hd15iqr": 0.0008725000006961636,
                "ops": 1160.5492010649755,
                "total": 0.5342298279392708,
                "data": [
                    0.0009391669991600793,
                    0.0008991670001705643,
                    0.0008900840002752375,
                    0.0008817920024739578,
                    0.0008658330007165205,
                    0.0008635839985799976,
                    0.0008867079995980021,
                    0.0008629579970147461,
                    0.0008598749991506338,
                    0.0008607909985585138,
                    0.0008581670008425135,
                    0.0008666249996167608,
                    0.0008556249995308463,
                    0.0008577079970564228,
                    0.0008644579975225497,
                    0.0008619579966762103,
                    0.0008531249986845069,
                    0.0008765420025156345,
                    0.0008621249980933499,
                    0.0008594579994678497,
                    0.0009090409985219594,
                    0.0008529590013495181,
                    0.0008544159973098431,
                    0.0008555839995096903,
                    0.0008553330007998738,
                    0.0008555829990655184,
                    0.0008531249986845069,
                    0.0008554170017305296,
                    0.0008617079984105658,
                    0.000856624999869382,
                    0.0008542089999536984,
                    0.0008544580014131498,
                    0.0008574589992349502,
                    0.0008585840005252976,
                    0.0008613749996584374,
                    0.0008549999984097667,
                    0.0008805830002529547,
                    0.0008556250031688251,
                    0.0008880419991328381,
                    0.0008536670029570814,
                    0.0008564999989175703,
                    0.0008573750019422732,
                    0.0008582920017943252,
                    0.0008584999995946418,
                    0.0008662500003993046,
                    0.0008577089975005947,
                    0.0008567920012865216,
                    0.0008568749981350265,
                    0.0008618749998277053,
                    0.000857084000017494,
                    0.0008611249977548141,
                    0.0008619170002930332,
                    0.0008667919973959215,
                    0.0008587919983256143,
                    0.000864708999870345,
                    0.0008664169981784653,
                    0.0008797499976935796,
                    0.0008585420000599697,
                    0.0008640409978397656,
                    0.0008677090008859523,
                    0.0008573749983042944,
                    0.0008591660007368773,
                    0.000861624997924082,
                    0.0008585839968873188,
                    0.0008572080005251337,
                    0.0008572079968871549,
                    0.00086024999836809,
                    0.0009027080013765953,
                    0.0008560000023862813,
                    0.0008622079985798337,
                    0.0008589999997639097,
                    0.0008602500020060688,
                    0.0008544999982404988,
                    0.0008627089991932735,
                    0.0008569999990868382,
                    0.0008822089985187631,
                    0.0008603330024925526,
                    0.0008575000028940849,
                    0.0008650419986224733,
                    0.0008564169984310865,
                    0.0008553330007998738,
                    0.0008606669980508741,
                    0.0008565839998482261,
                    0.0008586250005464535,
                    0.0008544999982404988,
                    0.0008540000017092098,
                    0.0008564999989175703,
                    0.0008583329981775023,
                    0.0008551250029995572,
                    0.0008587500014982652,
                    0.0008597499981988221,
                    0.0008606249975855462,
                    0.0008632079989183694,
                    0.0008587089978391305,
                    0.0008792909975454677,
                    0.0008569589990656823,
                    0.0008540829985577147,
                    0.0008587079973949585,
                    0.0008584159986639861,
                    0.0008573750019422732,
                    0.000856624999869382,
                    0.0008636669990664814,
                    0.000863375000335509,
                    0.0008558330009691417,
                    0.0008580420035286807,
                    0.0008582909977121744,
                    0.0008581670008425135,
                    0.0008559160014556255,
                    0.0008585420000599697,
                    0.000852166998811299,
                    0.0008621659981145058,
                    0.0008543330004613381,
                    0.0008577499975217506,
                    0.0008546249991923105,
                    0.0008813750027911738,
                    0.0008945410008891486,
                    0.0008568329976696987,
                    0.0008569159981561825,
                    0.0008526659985363949,
                    0.0008575829997425899,
                    0.0008563749979657587,
                    0.0008575829997425899,
                    0.000856624999869382,
                    0.000857082999573322,
                    0.0008569999990868382,
                    0.0008701250008016359,
                    0.0008614170001237653,
                    0.0008562079965486191,
                    0.0008552079998480622,
                    0.0008646249989396892,
                    0.0008564170020690653,
                    0.000861083000927465,
                    0.0008576250002079178,
                    0.0008792090011411346,
                    0.0008765830025367904,
                    0.0008566670003347099,
                    0.0008607500021753367,
                    0.0008561659997212701,
                    0.0008547079996787943,
                    0.0008551669998269062,
                    0.0008554170017305296,
                    0.0008569999990868382,
                    0.0008557920009479858,
                    0.0008519590010109823,
                    0.0008562080001865979,
                    0.0008549999984097667,
                    0.0008600410001236014,
                    0.0008929590003390331,
                    0.0008576250002079178,
                    0.0008646669994050171,
                    0.0008562079965486191,
                    0.000862458000483457,
                    0.0008763330006331671,
                    0.0008546249991923105,
                    0.000859291001688689,
                    0.0008646670030429959,
                    0.0008560409987694584,
                    0.0008549579979444388,
                    0.00085525000031339,
                    0.0008516669986420311,
                    0.0008625410009699408,
                    0.0008567920012865216,
                    0.0008546249991923105,
                    0.0008587500014982652,
                    0.0008627919996797573,
                    0.0008532909996574745,
                    0.0008625420014141127,
                    0.0008576250002079178,
                    0.0008598339991294779,
                    0.0008580000030633528,
                    0.0008650839990878012,
                    0.00086070799807203,
                    0.0008808750026219059,
                    0.0008599579996371176,
                    0.0008569169986003544,
                    0.0008550420025130734,
                    0.0008551669998269062,
                    0.000860167001519585,
                    0.0008570419995521661,
                    0.0008552919971407391,
                    0.0008546669996576384,
                    0.0008591670011810493,
                    0.0008582500013289973,
                    0.000863833000039449,
                    0.0008545420023438055,
                    0.0008556669999961741,
                    0.0008557089968235232,
                    0.0008612079982412979,
                    0.0008554170017305296,
                    0.0008605830007581972,
                    0.0008593750026193447,
                    0.0008776670001680031,
                    0.0008546249991923105,
                    0.0008609159995103255,
                    0.0008567080003558658,
                    0.0009195830025419127,
                    0.0008580829999118578,
                    0.0008610420009063091,
                    0.0008854589978000149,
                    0.00085979199866415,
                    0.0008545000018784776,
                    0.0008584160023019649,
                    0.0008584589995734859,
                    0.0008586670010117814,
                    0.0008647499998915009,
                    0.0008574579987907782,
                    0.0008586669973738026,
                    0.0008614170001237653,
                    0.0008562080001865979,
                    0.0008645000016258564,
                    0.0008775000023888424,
                    0.000858915998833254,
                    0.0008576250002079178,
                    0.0008554999985790346,
                    0.0008559169982618187,
                    0.0008547500001441222,
                    0.0008531249986845069,
                    0.0008562500006519258,
                    0.0008640419982839376,
                    0.000854833000630606,
                    0.0008561659997212701,
                    0.0008573749983042944,
                    0.0008549999984097667,
                    0.0008572920014557894,
                    0.0008550000020477455,
                    0.0008576660002290737,
                    0.0008613330028310884,
                    0.0008598749991506338,
                    0.0008645830021123402,
                    0.0008637079990876373,
                    0.0008820839975669514,
                    0.0008589169992774259,
                    0.0008609159995103255,
                    0.0008538750007573981,
                    0.0008545829987269826,
                    0.0008527909994882066,
                    0.0008612919991719536,
                    0.0008567919976485427,
                    0.0008556669999961741,
                    0.0008591670011810493,
                    0.0008592909980507102,
                    0.0008602919988334179,
                    0.0008682080006110482,
                    0.0008558749977964908,
                    0.0008580000030633528,
                    0.0008628329997009132,
                    0.0008562500006519258,
                    0.0008618330030003563,
                    0.0008536249988537747,
                    0.0008761659992160276,
                    0.0008541659990441985,
                    0.0008576250002079178,
                    0.0008559999987483025,
                    0.0008643750006740447,
                    0.0008615000006102491,
                    0.0008564590025343932,
                    0.0008599590000812896,
                    0.0008561249997001141,
                    0.0008639169973321259,
                    0.0008611249977548141,
                    0.0008572080005251337,
                    0.0008552920007787179,
                    0.0008585410032537766,
                    0.0008594579994678497,
                    0.0008587500014982652,
                    0.0008613339996372815,
                    0.0008603749993199017,
                    0.0008646659989608452,
                    0.0008839160000206903,
                    0.0008594169994466938,
                    0.0008566670003347099,
                    0.0008580840003560297,
                    0.0008588329983467702,
                    0.0008547090001229662,
                    0.0008869579978636466,
                    0.0008674999990034848,
                    0.0008648339971841779,
                    0.0008584999995946418,
                    0.0008537079993402585,
                    0.0008554590021958575,
                    0.0008655419987917412,
                    0.0008558339977753349,
                    0.0008552079998480622,
                    0.0009001250000437722,
                    0.000859750001836801,
                    0.0008535829983884469,
                    0.0008627499992144294,
                    0.0008639160005259328,
                    0.0008756669994909316,
                    0.0008558749977964908,
                    0.000867416998517001,
                    0.0008611250013927929,
                    0.0008601250010542572,
                    0.0008563750016037375,
                    0.0008625420014141127,
                    0.0008541249990230426,
                    0.0008626660019217525,
                    0.0008557500004826579,
                    0.0008626249982626177,
                    0.0008621659981145058,
                    0.0008529159968020394,
                    0.000851290998980403,
                    0.0008542499999748543,
                    0.0008613339996372815,
                    0.0008607919990026858,
                    0.0008586250005464535,
                    0.0008573330014769454,
                    0.0008752499998081475,
                    0.0008582920017943252,
                    0.0008541670031263493,
                    0.0008556669999961741,
                    0.000857541999721434,
                    0.0008565000025555491,
                    0.0008547500001441222,
                    0.0008547079996787943,
                    0.0008564159979869146,
                    0.0008566659998905379,
                    0.0008583330018154811,
                    0.0008554170017305296,
                    0.0008538750007573981,
                    0.0008579159984947182,
                    0.0008591659970988985,
                    0.00085979199866415,
                    0.0009015000032377429,
                    0.0008634170008008368,
                    0.0008624170004623011,
                    0.0008836670021992177,
                    0.0008559589987271465,
                    0.0008555410022381693,
                    0.00085570800001733,
                    0.0008638750005047768,
                    0.0008556669999961741,
                    0.0008622079985798337,
                    0.0008547080033167731,
                    0.0008583339986216743,
                    0.0008617910025350284,
                    0.000854375000926666,
                    0.0008593330021540169,
                    0.0008594579994678497,
                    0.0008550830025342293,
                    0.0008560409987694584,
                    0.0008602920024713967,
                    0.0008609169999544974,
                    0.0008652500000607688,
                    0.0008671249997860286,
                    0.0008562910006730817,
                    0.0008845000011206139,
                    0.0008577500011597294,
                    0.0008562080001865979,
                    0.0008591250007157214,
                    0.0008554169980925508,
                    0.0008565829994040541,
                    0.0008564169984310865,
                    0.0008554170017305296,
                    0.0008603749993199017,
                    0.0008586250005464535,
                    0.000857084000017494,
                    0.000860625001223525,
                    0.0008615000006102491,
                    0.0008583339986216743,
                    0.0008587499978602864,
                    0.0008674160017108079,
                    0.0008648330003779847,
                    0.0008609590004198253,
                    0.000857540999277262,
                    0.0008809169994492549,
                    0.0008554579981137067,
                    0.0008589170029154047,
                    0.0008568330013076775,
                    0.0008619159998488612,
                    0.0008622079985798337,
                    0.0008562910006730817,
                    0.0008587919983256143,
                    0.0008562500006519258,
                    0.000853999998071231,
                    0.0008545839991711546,
                    0.0008563330011384096,
                    0.0008577080006944016,
                    0.0008582920017943252,
                    0.0008549999984097667,
                    0.0008966669993242249,
                    0.0008634590012661647,
                    0.0008581250003771856,
                    0.0008596660009061452,
                    0.0008725000006961636,
                    0.0008596249972470105,
                    0.0008541249990230426,
                    0.000852083001518622,
                    0.0008577499975217506,
                    0.0008575840001867618,
                    0.0008556249995308463,
                    0.000857084000017494,
                    0.0008624579968454782,
                    0.0008592909980507102,
                    0.0008611670018581208,
                    0.0008578750021115411,
                    0.0008583749986428302,
                    0.0008588339987909421,
                    0.0008618329993623774,
                    0.0008569170022383332,
                    0.0008660420025989879,
                    0.0008621670021966565,
                    0.0009097910005948506,
                    0.0008641659987915773,
                    0.0008611670018581208,
                    0.0008584589995734859,
                    0.0008777080001891591,
                    0.0008649170013086405,
                    0.0008603329988545738,
                    0.0008578329980082344,
                    0.0008582910013501532,
                    0.0008608330026618205,
                    0.0008577079970564228,
                    0.0008571250000386499,
                    0.0008557500004826579,
                    0.0008604159993410576,
                    0.0008612499987066258,
                    0.0008557920009479858,
                    0.0008598749991506338,
                    0.000862082997628022,
                    0.0008536669993191026,
                    0.000861083000927465,
                    0.0008554160012863576,
                    0.0008803329983493313,
                    0.000857624996569939,
                    0.0008585830000811256,
                    0.0008567909972043708,
                    0.0008589589997427538,
                    0.0008564999989175703,
                    0.00085525000031339,
                    0.0008537079993402585,
                    0.0008563340015825815,
                    0.0008550830025342293,
                    0.0008622089990240056,
                    0.0008595420003985055,
                    0.0008553750012652017,
                    0.0008594999999331776,
                    0.0008551249993615784,
                    0.0008601659974374343,
                    0.0008639999978186097,
                    0.000857917002576869,
                    0.0008639590014354326,
                    0.0008715840012882836,
                    0.000867375001689652,
                    0.0008580829999118578,
                    0.0008555000022170134,
                    0.0008564589988964144,
                    0.0008529170008841902,
                    0.000857999999425374,
                    0.0008580419998907018,
                    0.0008633329998701811,
                    0.000881832998857135,
                    0.0008631250020698644,
                    0.0008573749983042944,
                    0.0008615840015409049,
                    0.0008594169994466938,
                    0.0008545409982616547,
                    0.0008606670016888529,
                    0.0008622920031484682,
                    0.000861166998220142,
                    0.0008690829999977723,
                    0.0008686670007591601,
                    0.0008799579991318751,
                    0.0008580409994465299,
                    0.00085525000031339,
                    0.0008547090001229662,
                    0.0008570830032113008,
                    0.0008673330012243241,
                    0.0008712090020708274,
                    0.0008625419977761339,
                    0.000858915998833254,
                    0.0008545410018996336,
                    0.0008612079982412979,
                    0.0008672920012031682,
                    0.0008584580027672928,
                    0.0008579579989600461,
                    0.0008585420000599697,
                    0.0008666249996167608,
                    0.0008594999999331776,
                    0.0008654999983264133,
                    0.0008606249975855462,
                    0.0008809999999357387,
                    0.0008596669977123383,
                    0.0008600419969297945,
                    0.0008604590002505574,
                    0.0008627499992144294,
                    0.0008642089997010771,
                    0.000858416999108158,
                    0.0008663749977131374,
                    0.0008570419995521661,
                    0.0008571250000386499,
                    0.0008602910020272247,
                    0.0008623749999969732,
                    0.0008675000026414637,
                    0.0008588749988120981,
                    0.0008556669999961741,
                    0.0008621249980933499,
                    0.0008657499965920579,
                    0.0008574579987907782,
                    0.000903374999325024,
                    0.0008797499976935796,
                    0.0008555419990443625,
                    0.0008574579987907782,
                    0.0008643330002087168,
                    0.0008555419990443625,
                    0.0008561249997001141,
                    0.0008628329997009132,
                    0.000861083000927465,
                    0.0008726250016479753,
                    0.0008622499990451615,
                    0.0008575000028940849,
                    0.0008598329986853059,
                    0.0008582499976910185,
                    0.0008547090001229662,
                    0.0008662079999339767,
                    0.0008591250007157214,
                    0.0008618749998277053,
                    0.0008603750029578805,
                    0.0008697500015841797,
                    0.0008629580006527249,
                    0.0008850839985825587,
                    0.0008601660010754131,
                    0.0008580829999118578,
                    0.0008577080006944016,
                    0.0008580419998907018,
                    0.0008611249977548141,
                    0.0008596249972470105,
                    0.0008617499988758937,
                    0.0008652920005260967,
                    0.0008609590004198253,
                    0.0008605000002717134,
                    0.0008653749973746017,
                    0.0008572080005251337,
                    0.0008606669980508741,
                    0.0008562910006730817,
                    0.0008646669994050171,
                    0.0008557499968446791,
                    0.0008632089993625414,
                    0.000867833001393592,
                    0.0008821669980534352,
                    0.0008634589976281859,
                    0.0008587909978814423,
                    0.0008612080018792767,
                    0.0008568750017730054,
                    0.0008583330018154811,
                    0.0008599169996159617,
                    0.0008611250013927929,
                    0.0008557920009479858,
                    0.0008555830027034972,
                    0.0008572909973736387,
                    0.0008597079977334943,
                    0.0008639999978186097,
                    0.0008593750026193447,
                    0.0008639999978186097,
                    0.000866082998982165,
                    0.0008649590017739683,
                    0.0008590830002503935,
                    0.0008731660018383991,
                    0.0008861669994075783,
                    0.0008637080027256161,
                    0.0008661669999128208,
                    0.000860208001540741,
                    0.0008592919984948821,
                    0.0008613749996584374,
                    0.0008616250015620608,
                    0.0008558330009691417,
                    0.0008802080010354985,
                    0.0009473339996475261,
                    0.0008663330008857884,
                    0.0008578750021115411,
                    0.0008594999999331776,
                    0.0008562500006519258,
                    0.0008611660014139488,
                    0.0008603749993199017,
                    0.0008708329987712204,
                    0.0008563750016037375,
                    0.0008659169980091974,
                    0.0008734999973967206,
                    0.0008817909983918071,
                    0.0008585830000811256,
                    0.0008631250020698644,
                    0.0008586670010117814,
                    0.0008572080005251337,
                    0.0008582080008636694,
                    0.0008579590030421969,
                    0.0008585830000811256,
                    0.0008661249994474929,
                    0.0008587910015194211,
                    0.0008613749996584374,
                    0.0008640000014565885,
                    0.0008583749986428302,
                    0.0008564589988964144,
                    0.0008598339991294779,
                    0.0008609159995103255,
                    0.0008614580001449212,
                    0.0008647499998915009,
                    0.0008616659979452379,
                    0.0008739999975659885,
                    0.0008567500008211937,
                    0.0008592500016675331,
                    0.0008609579999756534,
                    0.0008584999995946418,
                    0.0008585409996157978,
                    0.0008594589999120217,
                    0.0008595420003985055,
                    0.0008589160024712328,
                    0.0008601249974162783,
                    0.0008590420002292376,
                    0.0008585420000599697,
                    0.0008603329988545738,
                    0.0008627499992144294,
                    0.000863750003190944,
                    0.0008658749975438695,
                    0.0008604169997852296,
                    0.0008711250011401717,
                    0.0008637499995529652,
                    0.0008800830000836868,
                    0.00085570800001733,
                    0.0008665839995956048,
                    0.0008613749996584374
                ],
                "iterations": 1
            }
        }
    ],
    "datetime": "2026-09-03T06:30:37.926441",
    "version": "4.0.0"
}
