# Harness-executed: pytest-benchmark
# returncode: 0
# agent_score: 100.0 | threshold: 75.0

..ssssssssssssssssssssssssssssssssssssssssssssssssssssssssssssssssssssss [ 29%]
ssssssssssssssssssssssssssssssssssssssssssssssssssssssssssssssssssssssss [ 59%]
ssssssssssssssssssssssssssssssssssssssssssssssssssssssssssssssssssssssss [ 89%]
ssssssssssssssssssssssssss                                               [100%]
=============================== warnings summary ===============================
.venv/lib/python3.11/site-packages/_hypothesis_pytestplugin.py:487
  /Users/johnny/projects/taskq-final/.venv/lib/python3.11/site-packages/_hypothesis_pytestplugin.py:487: UserWarning: Skipping collection of '.hypothesis' directory - this usually means you've explicitly set the `norecursedirs` pytest config option, replacing rather than extending the default ignores.
    warnings.warn(

.venv/lib/python3.11/site-packages/starlette/formparsers.py:12
  /Users/johnny/projects/taskq-final/.venv/lib/python3.11/site-packages/starlette/formparsers.py:12: PendingDeprecationWarning: Please use `import python_multipart` instead.
    import multipart

-- Docs: https://docs.pytest.org/en/stable/how-to/capture-warnings.html

--------------------------- benchmark: 2 tests --------------------------
Name (time in us)                    Mean                   Max          
-------------------------------------------------------------------------
test_bench_task_repo_get         220.4091 (1.0)        372.3330 (1.0)    
test_bench_task_repo_list_50     892.9697 (4.05)     1,003.9160 (2.70)   
-------------------------------------------------------------------------

Legend:
  Outliers: 1 Standard Deviation from Mean; 1.5 IQR (InterQuartile Range) from 1st Quartile and 3rd Quartile.
  OPS: Operations Per Second, computed as 1 / Mean
2 passed, 240 skipped, 2 warnings in 2.44s

Wrote benchmark data in: <_io.BufferedWriter name='.sessi-work/benchmark_report.json'>
=== TOOL_OUTPUT_ARTIFACT ===
{
    "machine_info": {
        "node": "JohnnydeMac-Studio.local",
        "processor": "arm",
        "machine": "arm64",
        "python_compiler": "Clang 22.1.3 ",
        "python_implementation": "CPython",
        "python_implementation_version": "3.11.15",
        "python_version": "3.11.15",
        "python_build": [
            "main",
            "May 10 2026 19:23:07"
        ],
        "release": "25.6.0",
        "system": "Darwin",
        "cpu": {
            "python_version": "3.11.15.final.0 (64 bit)",
            "cpuinfo_version": [
                9,
                0,
                0
            ],
            "cpuinfo_version_string": "9.0.0",
            "arch": "ARM_8",
            "bits": 64,
            "count": 32,
            "arch_string_raw": "arm64",
            "brand_raw": "Apple M3 Ultra"
        }
    },
    "commit_info": {
        "id": "6716dea215c8a770ec7f23da7e5e711ac44e4385",
        "time": "2026-09-04T00:39:57+08:00",
        "author_time": "2026-09-04T00:39:57+08:00",
        "dirty": true,
        "project": "taskq-final",
        "branch": "main"
    },
    "benchmarks": [
        {
            "group": null,
            "name": "test_bench_task_repo_get",
            "fullname": "tests/bench/test_bench_task_repo.py::test_bench_task_repo_get",
            "params": null,
            "param": null,
            "extra_info": {},
            "options": {
                "disable_gc": true,
                "timer": "perf_counter",
                "min_rounds": 5,
                "max_time": 1.0,
                "min_time": 5e-06,
                "warmup": false
            },
            "stats": {
                "min": 0.0002145000034943223,
                "max": 0.0003723330009961501,
                "mean": 0.0002204091146941883,
                "stddev": 9.207731820318909e-06,
                "rounds": 540,
                "median": 0.0002184999902965501,
                "iqr": 3.0205119401216507e-06,
                "q1": 0.0002173544926336035,
                "q3": 0.00022037500457372516,
                "iqr_outliers": 49,
                "stddev_outliers": 25,
                "outliers": "25;49",
                "ld15iqr": 0.0002145000034943223,
                "hd15iqr": 0.0002249169920105487,
                "ops": 4537.017452238638,
                "total": 0.11902092193486169,
                "data": [
                    0.0003723330009961501,
                    0.00028395801200531423,
                    0.00026870799774769694,
                    0.0002515840023988858,
                    0.00024241699429694563,
                    0.0002398329961579293,
                    0.00027637499442789704,
                    0.0002355839969823137,
                    0.00023158399562817067,
                    0.000225499999942258,
                    0.00022749998606741428,
                    0.00022316700778901577,
                    0.000222250004298985,
                    0.00022316700778901577,
                    0.00022724999871570617,
                    0.0002205420023528859,
                    0.00022316700778901577,
                    0.00022229099704418331,
                    0.0002208340010838583,
                    0.00022029200044926256,
                    0.00022283400176092982,
                    0.00022208299196790904,
                    0.0002227079967269674,
                    0.00022274999355431646,
                    0.00022087499382905662,
                    0.00022162499953992665,
                    0.00022508400434162468,
                    0.00022358400747179985,
                    0.000225124997086823,
                    0.00022612499014940113,
                    0.00022441698820330203,
                    0.00022208300651982427,
                    0.0002263750066049397,
                    0.00022804200125392526,
                    0.00024695799220353365,
                    0.00022100000933278352,
                    0.0002214580017607659,
                    0.00022333300148602575,
                    0.00022962498769629747,
                    0.000237083004321903,
                    0.0002244159986730665,
                    0.00022241700207814574,
                    0.0002193749969592318,
                    0.00021808299061376601,
                    0.0002178330032620579,
                    0.0002180419978685677,
                    0.0002178330032620579,
                    0.00021662500512320548,
                    0.0002176669950131327,
                    0.0002474999928381294,
                    0.00022129200806375593,
                    0.00022041700140107423,
                    0.00022200000239536166,
                    0.00022116699256002903,
                    0.00022020800679456443,
                    0.00021895900135859847,
                    0.00022412498947232962,
                    0.00022254198847804219,
                    0.00021979199664201587,
                    0.0002199159935116768,
                    0.0002223330084234476,
                    0.00021958300203550607,
                    0.00022291700588539243,
                    0.0002253339916933328,
                    0.00021958300203550607,
                    0.0002193749969592318,
                    0.00021879200357943773,
                    0.00021841700072400272,
                    0.0002178330032620579,
                    0.00021895900135859847,
                    0.00022541599173564464,
                    0.00021845800802111626,
                    0.00021904200548306108,
                    0.00021741700766142458,
                    0.0002300000051036477,
                    0.00022454200370702893,
                    0.0002189579972764477,
                    0.00022454200370702893,
                    0.00022408300719689578,
                    0.00021970800298731774,
                    0.00022199998784344643,
                    0.00021779100643470883,
                    0.0002168749924749136,
                    0.00021987498621456325,
                    0.00022754199744667858,
                    0.00021754200861323625,
                    0.00022200000239536166,
                    0.0002172090025851503,
                    0.00022404199989978224,
                    0.00021704200480598956,
                    0.0002174580004066229,
                    0.00021762499818578362,
                    0.00021820901019964367,
                    0.00021875000675208867,
                    0.0002169579965993762,
                    0.0002177499991375953,
                    0.00021787500008940697,
                    0.00021754098997917026,
                    0.00021904100140091032,
                    0.00021908299822825938,
                    0.0002279170003021136,
                    0.00022037500457372516,
                    0.00022449999232776463,
                    0.00021829199977219105,
                    0.00022687499586027116,
                    0.00021916699188295752,
                    0.00022033399727661163,
                    0.00021962499886285514,
                    0.00022449999232776463,
                    0.00021604201174341142,
                    0.00021966600615996867,
                    0.00021670799469575286,
                    0.00021816699882037938,
                    0.00021949999791104347,
                    0.00021875000675208867,
                    0.0002181250019930303,
                    0.00021820800611749291,
                    0.00021729199215769768,
                    0.00022175000049173832,
                    0.00021824998839292675,
                    0.0002201669994974509,
                    0.0002184999902965501,
                    0.00021845799346920103,
                    0.00021770800231024623,
                    0.0002397089992882684,
                    0.00021654200099874288,
                    0.0002206250064773485,
                    0.00021508299687411636,
                    0.00022300001000985503,
                    0.00022537499899044633,
                    0.000218625005800277,
                    0.00021754199406132102,
                    0.00024500000290572643,
                    0.00021733299945481122,
                    0.0002181250019930303,
                    0.00021745900448877364,
                    0.0002177499991375953,
                    0.00021883299632463604,
                    0.00021904100140091032,
                    0.00021791599283460528,
                    0.0002174580004066229,
                    0.000222250004298985,
                    0.0002221670001745224,
                    0.00021949999791104347,
                    0.00021829199977219105,
                    0.0002192919928347692,
                    0.0002206250064773485,
                    0.00021979099255986512,
                    0.00021983400802128017,
                    0.00021945900516584516,
                    0.00022012500267010182,
                    0.00021816699882037938,
                    0.00021687500702682883,
                    0.00022179201187100261,
                    0.00022083299700170755,
                    0.00021954199473839253,
                    0.00021933300013188273,
                    0.0002199159935116768,
                    0.00021883299632463604,
                    0.0002195839915657416,
                    0.00022037500457372516,
                    0.0002192919928347692,
                    0.00022070900013204664,
                    0.0002205420023528859,
                    0.0002199589944211766,
                    0.00021725000988226384,
                    0.00022416599676944315,
                    0.00021920799918007106,
                    0.00022079200425650924,
                    0.0002196669956902042,
                    0.000218625005800277,
                    0.0002182909956900403,
                    0.00021920799918007106,
                    0.000218625005800277,
                    0.00022441700275521725,
                    0.00021645799279212952,
                    0.0002197499998146668,
                    0.00021891600044909865,
                    0.00021904100140091032,
                    0.00021779199596494436,
                    0.00021954099065624177,
                    0.0002187910140492022,
                    0.0002193749969592318,
                    0.00021970800298731774,
                    0.00022287499450612813,
                    0.000218084009247832,
                    0.00022320800053421408,
                    0.00021783399279229343,
                    0.00021825000294484198,
                    0.00021829199977219105,
                    0.0002200410090154037,
                    0.00021791701146867126,
                    0.0002235830033896491,
                    0.00021999998716637492,
                    0.00021699999342672527,
                    0.00021625000226777047,
                    0.00022037499002180994,
                    0.00021941699378658086,
                    0.00021841700072400272,
                    0.0002201669994974509,
                    0.00023774999135639518,
                    0.00021904100140091032,
                    0.0002205420023528859,
                    0.00021791701146867126,
                    0.00021862499124836177,
                    0.00022045800869818777,
                    0.00021870799537282437,
                    0.00021695900068152696,
                    0.00021883299632463604,
                    0.00021891698997933418,
                    0.00022337499831337482,
                    0.00021841700072400272,
                    0.00021795900829602033,
                    0.00022133300080895424,
                    0.0002184160111937672,
                    0.00021824998839292675,
                    0.0002172499953303486,
                    0.00021725000988226384,
                    0.00021949999791104347,
                    0.00021745900448877364,
                    0.00022566699772141874,
                    0.0002168749924749136,
                    0.00021904100140091032,
                    0.00021720799850299954,
                    0.0002164170000469312,
                    0.00021729199215769768,
                    0.00021741699310950935,
                    0.00021495900000445545,
                    0.00021770800231024623,
                    0.0002168749924749136,
                    0.0002163749886676669,
                    0.00021787500008940697,
                    0.00021641599596478045,
                    0.00021679099882021546,
                    0.0002157909912057221,
                    0.00021866700262762606,
                    0.0002181250019930303,
                    0.00021616699814330786,
                    0.00021804099378641695,
                    0.00021779199596494436,
                    0.0002194170083384961,
                    0.00021800000104121864,
                    0.00021670799469575286,
                    0.00021716600167565048,
                    0.00021645799279212952,
                    0.000217166991205886,
                    0.00022004199854563922,
                    0.00021945900516584516,
                    0.00021779199596494436,
                    0.00021920799918007106,
                    0.00021958300203550607,
                    0.00021679200290236622,
                    0.0002173750108340755,
                    0.0002209999947808683,
                    0.00022133300080895424,
                    0.00021904199093114585,
                    0.0002199589944211766,
                    0.00022079198970459402,
                    0.0002201249881181866,
                    0.00021875000675208867,
                    0.00022050000552553684,
                    0.000225499999942258,
                    0.00021862499124836177,
                    0.00022129100398160517,
                    0.00023154100927058607,
                    0.0002258340100524947,
                    0.00021870799537282437,
                    0.00022508300025947392,
                    0.00022695799998473376,
                    0.0002258340100524947,
                    0.0002185420016758144,
                    0.0002170830121031031,
                    0.0002194580010836944,
                    0.00021645799279212952,
                    0.0002188340004067868,
                    0.0002358330093557015,
                    0.00022679199173580855,
                    0.00021941699378658086,
                    0.0002176669950131327,
                    0.00021920801373198628,
                    0.0002184999902965501,
                    0.00021754200861323625,
                    0.00021704200480598956,
                    0.00021662500512320548,
                    0.00021745900448877364,
                    0.0002165829937439412,
                    0.00022241599799599499,
                    0.0002164170000469312,
                    0.0002197499998146668,
                    0.00021837500389665365,
                    0.000218625005800277,
                    0.0002181250019930303,
                    0.00021595900761894882,
                    0.00022187500144355,
                    0.0002165000041713938,
                    0.00022529199486598372,
                    0.0002155419933842495,
                    0.0002238750021206215,
                    0.0002153329987777397,
                    0.00021683299564756453,
                    0.000216791988350451,
                    0.00021829199977219105,
                    0.00021779100643470883,
                    0.00021733299945481122,
                    0.00022041700140107423,
                    0.00021920799918007106,
                    0.00021933300013188273,
                    0.000218084009247832,
                    0.00022183300461620092,
                    0.00021941699378658086,
                    0.00022079200425650924,
                    0.00023179200070444494,
                    0.00021733299945481122,
                    0.00021695900068152696,
                    0.00021737499628216028,
                    0.00021600000036414713,
                    0.00021808300516568124,
                    0.00021795800421386957,
                    0.0002178330032620579,
                    0.0002176669950131327,
                    0.00021633299184031785,
                    0.00021462500444613397,
                    0.00021783400734420866,
                    0.0002162080054404214,
                    0.00021554200793616474,
                    0.00021783399279229343,
                    0.00025845800701063126,
                    0.0002175410045310855,
                    0.00021816599473822862,
                    0.0002179160073865205,
                    0.00022029198589734733,
                    0.00021962499886285514,
                    0.00021533400285989046,
                    0.0002170410007238388,
                    0.00021633299184031785,
                    0.0002177499991375953,
                    0.00021591701079159975,
                    0.00023224999313242733,
                    0.00021787500008940697,
                    0.00021645800734404474,
                    0.0002164170000469312,
                    0.00021791699691675603,
                    0.00021904199093114585,
                    0.0002169170038541779,
                    0.00022191600874066353,
                    0.000217707987758331,
                    0.00021783399279229343,
                    0.0002177499991375953,
                    0.00021783298871014267,
                    0.00021654099691659212,
                    0.00021833399659954011,
                    0.00024300000222865492,
                    0.00021920799918007106,
                    0.0002180419978685677,
                    0.00021816699882037938,
                    0.0002178330032620579,
                    0.0002202079922426492,
                    0.00021754199406132102,
                    0.00021754199406132102,
                    0.00021733299945481122,
                    0.00022370900842361152,
                    0.00021733398898504674,
                    0.00021766600548289716,
                    0.00021729098807554692,
                    0.0002164170000469312,
                    0.00021645799279212952,
                    0.00021858399850316346,
                    0.00021879200357943773,
                    0.0002172920067096129,
                    0.0002202909963671118,
                    0.0002193329855799675,
                    0.0002193749969592318,
                    0.00021850000484846532,
                    0.0002209999947808683,
                    0.00021825000294484198,
                    0.0002165829937439412,
                    0.00022133300080895424,
                    0.00021954200929030776,
                    0.0002185420016758144,
                    0.00021841599664185196,
                    0.00021749999723397195,
                    0.00021854099759366363,
                    0.00021574999846052378,
                    0.00021800000104121864,
                    0.00021791699691675603,
                    0.00021758298680651933,
                    0.00021637500321958214,
                    0.00021533400285989046,
                    0.00021795800421386957,
                    0.00021791699691675603,
                    0.00021904200548306108,
                    0.00021758300135843456,
                    0.00021729100262746215,
                    0.00021779100643470883,
                    0.00022070799604989588,
                    0.00021754199406132102,
                    0.00021916598780080676,
                    0.000221334004891105,
                    0.00022066599922254682,
                    0.0002175839908886701,
                    0.00021741699310950935,
                    0.00021758300135843456,
                    0.00022183399414643645,
                    0.00021829199977219105,
                    0.0002179160073865205,
                    0.00021808300516568124,
                    0.00021970800298731774,
                    0.00021770800231024623,
                    0.00021566600480582565,
                    0.00022200000239536166,
                    0.00021820799156557769,
                    0.00021854099759366363,
                    0.0002224589989054948,
                    0.00021949999791104347,
                    0.00021845799346920103,
                    0.00021983399346936494,
                    0.0002188749931519851,
                    0.00021533398830797523,
                    0.00021625000226777047,
                    0.00021783399279229343,
                    0.00022283299767877907,
                    0.0002165000041713938,
                    0.00021675000607501715,
                    0.00021712500893045217,
                    0.0002145000034943223,
                    0.00021637500321958214,
                    0.0002161250013159588,
                    0.00023912500182632357,
                    0.00021595900761894882,
                    0.00021633300639223307,
                    0.00021662499057129025,
                    0.0002172499953303486,
                    0.0002156249975087121,
                    0.0002165000041713938,
                    0.0002172920067096129,
                    0.00021708299755118787,
                    0.00021862499124836177,
                    0.0002178330032620579,
                    0.00021720799850299954,
                    0.0002184160111937672,
                    0.0002178330032620579,
                    0.0002170000079786405,
                    0.00021800000104121864,
                    0.00021666700195055455,
                    0.00021770800231024623,
                    0.0002174580004066229,
                    0.00021587499941233546,
                    0.00022079198970459402,
                    0.00021633300639223307,
                    0.00021787500008940697,
                    0.00021779199596494436,
                    0.00021570800163317472,
                    0.00021808300516568124,
                    0.00021862499124836177,
                    0.00021670899877790362,
                    0.00021654099691659212,
                    0.00021725000988226384,
                    0.00022054099827073514,
                    0.0002172499953303486,
                    0.00021712500893045217,
                    0.0002163339959224686,
                    0.00021762499818578362,
                    0.00021625000226777047,
                    0.00021654200099874288,
                    0.00021987500076647848,
                    0.00021904200548306108,
                    0.00021870799537282437,
                    0.00021770800231024623,
                    0.00021629199909511954,
                    0.00021733299945481122,
                    0.00021804201242048293,
                    0.00021629099501296878,
                    0.0002156249975087121,
                    0.00021683299564756453,
                    0.00021820800611749291,
                    0.0002152920060325414,
                    0.00022412500402424484,
                    0.00021745898993685842,
                    0.00021958400611765683,
                    0.0002172920067096129,
                    0.0002156670088879764,
                    0.00022516699391417205,
                    0.00021816699882037938,
                    0.00021933300013188273,
                    0.00021670899877790362,
                    0.00021829199977219105,
                    0.0002185420016758144,
                    0.00021791701146867126,
                    0.00021970899251755327,
                    0.00022254200302995741,
                    0.00021720799850299954,
                    0.00021854099759366363,
                    0.00021675000607501715,
                    0.00022341600561048836,
                    0.000215916006709449,
                    0.00021687500702682883,
                    0.00022266700398176908,
                    0.00021712499437853694,
                    0.00021679099882021546,
                    0.0002172090025851503,
                    0.00021825000294484198,
                    0.00021845799346920103,
                    0.0002165000041713938,
                    0.0002419580123387277,
                    0.0002165000041713938,
                    0.00021850000484846532,
                    0.0002199589944211766,
                    0.0002184999902965501,
                    0.0002249169920105487,
                    0.00021925001055933535,
                    0.00021841599664185196,
                    0.0002185829944210127,
                    0.00021762499818578362,
                    0.00021933300013188273,
                    0.0002197079884354025,
                    0.00021958300203550607,
                    0.0002197920111939311,
                    0.00021870899945497513,
                    0.00021695900068152696,
                    0.0002157909912057221,
                    0.0002197499998146668,
                    0.00021845800802111626,
                    0.00021787500008940697,
                    0.00021725000988226384,
                    0.00021783399279229343,
                    0.00021662500512320548,
                    0.00021870899945497513,
                    0.000215375010157004,
                    0.00021549999655690044,
                    0.00021604099310934544,
                    0.00021695900068152696,
                    0.00021949999791104347,
                    0.000218625005800277,
                    0.00021708400163333863,
                    0.00021537499560508877,
                    0.00021883301087655127,
                    0.0002181250019930303,
                    0.0002161250013159588,
                    0.00021683301019947976,
                    0.00021962499886285514
                ],
                "iterations": 1
            }
        },
        {
            "group": null,
            "name": "test_bench_task_repo_list_50",
            "fullname": "tests/bench/test_bench_task_repo.py::test_bench_task_repo_list_50",
            "params": null,
            "param": null,
            "extra_info": {},
            "options": {
                "disable_gc": true,
                "timer": "perf_counter",
                "min_rounds": 5,
                "max_time": 1.0,
                "min_time": 5e-06,
                "warmup": false
            },
            "stats": {
                "min": 0.0008790840074652806,
                "max": 0.0010039160115411505,
                "mean": 0.0008929696753460202,
                "stddev": 1.2490666357696758e-05,
                "rounds": 615,
                "median": 0.0008895420032786205,
                "iqr": 1.0447995009599254e-05,
                "q1": 0.000885385503352154,
                "q3": 0.0008958334983617533,
                "iqr_outliers": 41,
                "stddev_outliers": 68,
                "outliers": "68;41",
                "ld15iqr": 0.0008790840074652806,
                "hd15iqr": 0.000911583993001841,
                "ops": 1119.8588570351017,
                "total": 0.5491763503378024,
                "data": [
                    0.0010039160115411505,
                    0.0009666670084698126,
                    0.000929834000999108,
                    0.0009189169941237196,
                    0.0009046670020325109,
                    0.0009451660007471219,
                    0.0009186249953927472,
                    0.0008962499996414408,
                    0.0009170419943984598,
                    0.0009017910051625222,
                    0.0009046669874805957,
                    0.0008899999957066029,
                    0.0008908330055419356,
                    0.000891125004272908,
                    0.0008994170057121664,
                    0.0008894589991541579,
                    0.0008926669979700819,
                    0.0009089170052902773,
                    0.0009390000050188974,
                    0.0008992920047603548,
                    0.000902165993466042,
                    0.0008865410054568201,
                    0.0008930829935707152,
                    0.000912292001885362,
                    0.0008865410054568201,
                    0.0008875829953467473,
                    0.0008910420001484454,
                    0.0008853339968482032,
                    0.0008895420032786205,
                    0.0008849580044625327,
                    0.0008817920024739578,
                    0.0008887089934432879,
                    0.0008877500076778233,
                    0.0008870000019669533,
                    0.0008894159982446581,
                    0.000887917005456984,
                    0.0008854589978000149,
                    0.0008851669990690425,
                    0.0009004589956020936,
                    0.0008920420077629387,
                    0.0009050829976331443,
                    0.000906916000531055,
                    0.0009152919956250116,
                    0.0008844999974826351,
                    0.0008863749972078949,
                    0.0008847920107655227,
                    0.0008879169909050688,
                    0.0008870000019669533,
                    0.0008912499906728044,
                    0.0008860840025590733,
                    0.0008877500076778233,
                    0.0009059159929165617,
                    0.0009022089943755418,
                    0.0008940420084400102,
                    0.0008965419983724132,
                    0.0009080829913727939,
                    0.0008975829987321049,
                    0.0008982500003185123,
                    0.0008874999912222847,
                    0.0009156250016530976,
                    0.0009752500045578927,
                    0.0009667079866630957,
                    0.000895500008482486,
                    0.000890750001417473,
                    0.0008908329909900203,
                    0.0008879160013748333,
                    0.0008928750030463561,
                    0.0009104159980779514,
                    0.0009135420114034787,
                    0.0008917920058593154,
                    0.0008920420077629387,
                    0.0008906250004656613,
                    0.0008977499965112656,
                    0.0008860410016495734,
                    0.0009011250076582655,
                    0.0009109170059673488,
                    0.000892250012839213,
                    0.0008949170005507767,
                    0.0009037499985424802,
                    0.0009185420058201998,
                    0.0008945839945226908,
                    0.0008905420108931139,
                    0.0008940830011852086,
                    0.0008918329986045137,
                    0.0008890409953892231,
                    0.0008931250049499795,
                    0.0009007500048028305,
                    0.0008960420091170818,
                    0.0008897920051822439,
                    0.0008918340026866645,
                    0.0008931659976951778,
                    0.0008948750037234277,
                    0.0009266250126529485,
                    0.0008941669948399067,
                    0.0009003330051200464,
                    0.00089533299615141,
                    0.0008957090030889958,
                    0.000911583993001841,
                    0.0009089999948628247,
                    0.0008991659997263923,
                    0.0008935840014601126,
                    0.0008896670042304322,
                    0.0009019579883897677,
                    0.0008946669986471534,
                    0.0008869169978424907,
                    0.0008819170034257695,
                    0.0009027089981827885,
                    0.0008879169909050688,
                    0.0008858340006554499,
                    0.0008857089997036383,
                    0.0008861249953042716,
                    0.0008881250105332583,
                    0.0008926250011427328,
                    0.0009084579942282289,
                    0.000912874995265156,
                    0.0008887500007404014,
                    0.0009222910011885688,
                    0.0008915840007830411,
                    0.0008950420015025884,
                    0.0008934999932534993,
                    0.0009001660073408857,
                    0.0008928750030463561,
                    0.0008968330075731501,
                    0.0008984580053947866,
                    0.0009002090082503855,
                    0.0008951670024544001,
                    0.0008974579977802932,
                    0.0008986250031739473,
                    0.0008900420070858672,
                    0.0008882920083124191,
                    0.000888041002326645,
                    0.0008971659990493208,
                    0.0009005830070236698,
                    0.000897666992386803,
                    0.0008927090093493462,
                    0.0009225829999195412,
                    0.0008968330075731501,
                    0.0008994160016300157,
                    0.0008884169947123155,
                    0.0008991249924292788,
                    0.0008916669903555885,
                    0.0008928330062190071,
                    0.0008921670087147504,
                    0.0008961249986896291,
                    0.0008952079951995984,
                    0.0009026249899761751,
                    0.0008887090079952031,
                    0.0008950000046752393,
                    0.0008947080059442669,
                    0.0008965840097516775,
                    0.0009156250016530976,
                    0.0008925830043153837,
                    0.0008932079945225269,
                    0.0009137919987551868,
                    0.0008850830054143444,
                    0.0008820840012049302,
                    0.0008842499955790117,
                    0.0008895420032786205,
                    0.0008875000057742,
                    0.0008857499924488366,
                    0.0008953749929787591,
                    0.0009034590038936585,
                    0.0008865830022841692,
                    0.0009001670114230365,
                    0.0009009160130517557,
                    0.0008932499913498759,
                    0.0009052500099642202,
                    0.0008920840045902878,
                    0.0009011660004034638,
                    0.000895500008482486,
                    0.0009009170025819913,
                    0.000887166999746114,
                    0.0009137500019278377,
                    0.0009090419916901737,
                    0.0009685830009402707,
                    0.0008912500052247196,
                    0.0008864170085871592,
                    0.0008938750106608495,
                    0.0008946249872678891,
                    0.0008934589859563857,
                    0.0008830830047372729,
                    0.0008859579975251108,
                    0.0008887090079952031,
                    0.0008998339908430353,
                    0.0008899579988792539,
                    0.0008949170005507767,
                    0.0008916249935282394,
                    0.0008949170005507767,
                    0.0008949170005507767,
                    0.0008931670017773286,
                    0.0009145419899141416,
                    0.0008952500065788627,
                    0.0008909159951144829,
                    0.0008969170012278482,
                    0.0008975419914349914,
                    0.0008947079913923517,
                    0.0008875839994288981,
                    0.0008808339916868135,
                    0.000901624996913597,
                    0.0008904579881345853,
                    0.0008814160100882873,
                    0.0008850000012898818,
                    0.0008853750041453168,
                    0.0008816670015221462,
                    0.0008886249997885898,
                    0.0008965830056695268,
                    0.0008952919888542965,
                    0.0009002500009955838,
                    0.000894374999916181,
                    0.0009180419874610379,
                    0.0008982919971458614,
                    0.0008884999988367781,
                    0.0008948750037234277,
                    0.0008890840108506382,
                    0.0008948330068960786,
                    0.0008866249991115183,
                    0.0008934170036809519,
                    0.0009001669968711212,
                    0.0008886669966159388,
                    0.0008865830022841692,
                    0.0008942499989643693,
                    0.0008923330024117604,
                    0.0008921249973354861,
                    0.0008864580013323575,
                    0.0008969159971456975,
                    0.0008922499982872978,
                    0.0008980420097941533,
                    0.0008942089916672558,
                    0.0009120000031543896,
                    0.0008942919957917184,
                    0.0009075830021174625,
                    0.0009029590000864118,
                    0.0008930420008255169,
                    0.0008908330055419356,
                    0.0008894170023268089,
                    0.0008970420021796599,
                    0.0008864590054145083,
                    0.0008961249986896291,
                    0.0009002090082503855,
                    0.0009000000136438757,
                    0.0008982080034911633,
                    0.0008978330006357282,
                    0.0008984169980976731,
                    0.0008988329936983064,
                    0.0008856670028762892,
                    0.0008879160013748333,
                    0.0009185840026475489,
                    0.0008857080101734027,
                    0.0008831250015646219,
                    0.0008826249977573752,
                    0.0008819579961709678,
                    0.0008886249997885898,
                    0.0008829580037854612,
                    0.0008987919864011928,
                    0.0008967500034486875,
                    0.0008911659970181063,
                    0.0008853749895934016,
                    0.000881166008184664,
                    0.0009340840042568743,
                    0.0008847080025589094,
                    0.000892083000508137,
                    0.0008858750079525635,
                    0.0008849580044625327,
                    0.0008859999943524599,
                    0.0008830419974401593,
                    0.000918791993171908,
                    0.0008860420057317242,
                    0.0008853750041453168,
                    0.0008855839987518266,
                    0.0008829159924061969,
                    0.0008887919975677505,
                    0.0008872500038705766,
                    0.0008893749909475446,
                    0.0008870419987943023,
                    0.0008920000109355897,
                    0.0008827080018818378,
                    0.0008936249942053109,
                    0.0008888750016922131,
                    0.0008872920006979257,
                    0.0008877919899532571,
                    0.000887125002918765,
                    0.0008859580120770261,
                    0.0008882080001058057,
                    0.0008864160045050085,
                    0.0009107920050155371,
                    0.0008870409947121516,
                    0.0008838339999783784,
                    0.0008950000046752393,
                    0.0008790840074652806,
                    0.0008856250060489401,
                    0.0008921249973354861,
                    0.0008805839897831902,
                    0.0008947079913923517,
                    0.0008844999974826351,
                    0.0008922499982872978,
                    0.0008921249973354861,
                    0.0009331670007668436,
                    0.0008841249946272001,
                    0.0008923330024117604,
                    0.0008867500000633299,
                    0.0009043750033015385,
                    0.0008958749967860058,
                    0.0009065839985851198,
                    0.0008850839949445799,
                    0.0008921670087147504,
                    0.0008851669990690425,
                    0.0008948329923441634,
                    0.0008884169947123155,
                    0.0008839169895509258,
                    0.000888082999153994,
                    0.0008893330086721107,
                    0.0008876249921740964,
                    0.0008837909990688786,
                    0.000891707997652702,
                    0.000884292006958276,
                    0.0008849580044625327,
                    0.0008851669990690425,
                    0.0008874170016497374,
                    0.0008824579999782145,
                    0.0009071250096894801,
                    0.0008837920031510293,
                    0.0008887500007404014,
                    0.0008863749972078949,
                    0.000883707994944416,
                    0.0008840419905027375,
                    0.0008842499955790117,
                    0.0008850419981172308,
                    0.0008869580051396042,
                    0.0008852920000208542,
                    0.0008830000006128103,
                    0.0008846669952617958,
                    0.0008810410072328523,
                    0.0008855420019244775,
                    0.000883542001247406,
                    0.0008859590016072616,
                    0.0008843749965308234,
                    0.000891707997652702,
                    0.0008845000120345503,
                    0.0009019579883897677,
                    0.0008828749996609986,
                    0.0008827499987091869,
                    0.000882791995536536,
                    0.0008876669890014455,
                    0.000890750001417473,
                    0.0008907080045901239,
                    0.0008859589870553464,
                    0.0008864999981597066,
                    0.0008968330075731501,
                    0.0008904999995138496,
                    0.0008873750048223883,
                    0.0008864999981597066,
                    0.0008893329941201955,
                    0.0008943329885369167,
                    0.0008915419894037768,
                    0.0008819159993436188,
                    0.0008948750037234277,
                    0.000883542001247406,
                    0.0008890839962987229,
                    0.0008820410002954304,
                    0.0009085000056074932,
                    0.0008827499987091869,
                    0.000888458002009429,
                    0.0008859590016072616,
                    0.0008886249997885898,
                    0.0008835829939926043,
                    0.0008799579954938963,
                    0.0008906250004656613,
                    0.0008879169909050688,
                    0.0008850420126691461,
                    0.0008977919933386147,
                    0.0008827920100884512,
                    0.0008884170092642307,
                    0.0008852920000208542,
                    0.0008832500025164336,
                    0.0009397499961778522,
                    0.000894540993613191,
                    0.0008918329986045137,
                    0.0009297079959651455,
                    0.0008905830036383122,
                    0.0008854580082697794,
                    0.0008830829901853576,
                    0.0008821250085020438,
                    0.0008842499955790117,
                    0.0008816250046947971,
                    0.0008876659994712099,
                    0.0008859160006977618,
                    0.0008932079945225269,
                    0.0008863330003805459,
                    0.0008853330073179677,
                    0.0008852920000208542,
                    0.0008906669972930104,
                    0.0008896660001482815,
                    0.0008964590087998658,
                    0.0008969170012278482,
                    0.000897999998414889,
                    0.0008856659987941384,
                    0.0009100830066017807,
                    0.0008847090066410601,
                    0.0008868750010151416,
                    0.0008971669885795563,
                    0.000884625012986362,
                    0.0008813750027911738,
                    0.0008847499993862584,
                    0.0008916249935282394,
                    0.0008832089952193201,
                    0.0008857500070007518,
                    0.0008835000044200569,
                    0.000883709013578482,
                    0.0008829169964883476,
                    0.0008853330073179677,
                    0.0008953340002335608,
                    0.0008964579901657999,
                    0.0008854170009726658,
                    0.0008888329903129488,
                    0.0008831250015646219,
                    0.0009214159945258871,
                    0.000885208006366156,
                    0.0008802500087767839,
                    0.0008850000012898818,
                    0.0008816249901428819,
                    0.0008841249946272001,
                    0.0008858749934006482,
                    0.0008840410009725019,
                    0.0008937919919844717,
                    0.0008852500031935051,
                    0.0008844999974826351,
                    0.0008835000044200569,
                    0.000883709013578482,
                    0.0008828749996609986,
                    0.0008808750135358423,
                    0.0008905830036383122,
                    0.0008884999988367781,
                    0.0009104999917326495,
                    0.0008884999988367781,
                    0.0008959999977378175,
                    0.0008847919962136075,
                    0.000883749991771765,
                    0.0008830829901853576,
                    0.0008851669990690425,
                    0.0008973750082077459,
                    0.0008979590056696907,
                    0.0008932920027291402,
                    0.0008845420088618994,
                    0.0008895000064512715,
                    0.0008898329979274422,
                    0.0008805839897831902,
                    0.00089441699674353,
                    0.0009030000073835254,
                    0.0008832500025164336,
                    0.0009094580018427223,
                    0.0008905830036383122,
                    0.0008839579968480393,
                    0.0009118750022025779,
                    0.0008832909952616319,
                    0.0008831250015646219,
                    0.0008826660050544888,
                    0.0008932909986469895,
                    0.0008968329930212349,
                    0.0008818750065984204,
                    0.0008847909921314567,
                    0.0008865830022841692,
                    0.0008828749996609986,
                    0.000884292006958276,
                    0.0008842079987516627,
                    0.0008829589933156967,
                    0.0008812919986667112,
                    0.0008845839911373332,
                    0.0008990409987745807,
                    0.000884833003510721,
                    0.0009136660082731396,
                    0.0008941249980125576,
                    0.0008846249984344468,
                    0.0008838339999783784,
                    0.0008863749972078949,
                    0.0008856659987941384,
                    0.0008894580096239224,
                    0.0008922919951146469,
                    0.0008917919913074002,
                    0.0008884170092642307,
                    0.0008822910021990538,
                    0.0008853750041453168,
                    0.000887875008629635,
                    0.0008840420050546527,
                    0.000887166999746114,
                    0.0008881249959813431,
                    0.0008863749972078949,
                    0.0008999580022646114,
                    0.0009006250038510188,
                    0.0009032500092871487,
                    0.0008927500020945445,
                    0.000913208001293242,
                    0.0008858750079525635,
                    0.0008934579964261502,
                    0.0008999590063467622,
                    0.0008877080108504742,
                    0.000885208006366156,
                    0.0008828749996609986,
                    0.0008826250123092905,
                    0.0008858329965732992,
                    0.0008812089945422485,
                    0.0008838339999783784,
                    0.0009283749968744814,
                    0.0008874580089468509,
                    0.0008829170110402629,
                    0.0008850419981172308,
                    0.000889666989678517,
                    0.0008866249991115183,
                    0.0008905839931685477,
                    0.0009133340063272044,
                    0.0008860840025590733,
                    0.0008848750003380701,
                    0.0008955410012276843,
                    0.0008882919937605038,
                    0.0008795000030659139,
                    0.0008845839911373332,
                    0.0008854579937178642,
                    0.0008828330028336495,
                    0.0008881659887265414,
                    0.0008876250067260116,
                    0.0008887079893611372,
                    0.0008866249991115183,
                    0.0008856670028762892,
                    0.0008891659963410348,
                    0.0008937919919844717,
                    0.000888458002009429,
                    0.0008934580109780654,
                    0.000884667009813711,
                    0.0009073330002138391,
                    0.000887707996298559,
                    0.0008899999957066029,
                    0.0008881660032784566,
                    0.0008841250091791153,
                    0.0008902920089894906,
                    0.000886957990587689,
                    0.0009027499909279868,
                    0.0008882499969331548,
                    0.0008919579995563254,
                    0.0008851669990690425,
                    0.0009121670009335503,
                    0.000894374999916181,
                    0.0008962910069385543,
                    0.0008904590067686513,
                    0.0008989170019049197,
                    0.0008891670004231855,
                    0.0008926670125219971,
                    0.0008963750005932525,
                    0.0009112090046983212,
                    0.0008912920020520687,
                    0.0008839160000206903,
                    0.0008849580044625327,
                    0.0008827499987091869,
                    0.0008834579930407926,
                    0.0008982500003185123,
                    0.0008852909959387034,
                    0.0008867080032359809,
                    0.0008874170016497374,
                    0.000884250010130927,
                    0.0008903340058168396,
                    0.0008818750065984204,
                    0.0008853330073179677,
                    0.000883875007275492,
                    0.0008924170106183738,
                    0.000883875007275492,
                    0.0008945830049924552,
                    0.0009078340081032366,
                    0.0008848750003380701,
                    0.000886959009221755,
                    0.0008890000026440248,
                    0.0008899170061340556,
                    0.0008938750106608495,
                    0.0008847080025589094,
                    0.0008943330030888319,
                    0.0008859580120770261,
                    0.0008841670060064644,
                    0.0008845409902278334,
                    0.000900041006389074,
                    0.0008873749902704731,
                    0.0008818339993013069,
                    0.0008869580051396042,
                    0.0008917910017771646,
                    0.0008903329871827736,
                    0.0009070000087376684,
                    0.0009331250039394945,
                    0.0008870409947121516,
                    0.0008924169960664585,
                    0.0008852920000208542,
                    0.0008872499893186614,
                    0.0008938339888118207,
                    0.0008854170009726658,
                    0.0008824590040603653,
                    0.0008906250004656613,
                    0.0008917080122046173,
                    0.0008850419981172308,
                    0.0008846249984344468,
                    0.0008875000057742,
                    0.0008882080001058057,
                    0.0008908749878173694,
                    0.0008848750003380701,
                    0.0008940830011852086,
                    0.0008909580064937472,
                    0.0009082500037038699,
                    0.0008897919906303287,
                    0.0008920840045902878,
                    0.0008888750016922131,
                    0.0008874590130290017,
                    0.0008874169870978221,
                    0.0008867500000633299,
                    0.0008873749902704731,
                    0.0008910420001484454,
                    0.0008876250067260116,
                    0.0008928750030463561,
                    0.0008848750003380701,
                    0.0009111660037888214,
                    0.0008902919944375753,
                    0.0008866670104907826
                ],
                "iterations": 1
            }
        }
    ],
    "datetime": "2026-09-03T18:40:07.317293",
    "version": "4.0.0"
}
